붙임2          성적등급 및 평점평균 환산기준표
               4.5 만점 기준         4.3 만점 기준       4.0 만점 기준
환산점수(100점)
              등급      평균 평점     등급      평균 평점   등급      평균 평점
  100.00               4.50              4.30            4.00
   99.80              4.49              4.29            3.99
   99.60              4.48              4.28            3.98
   99.40              4.47              4.27            3.97
   99.20              4.46              4.26            3.96
   99.00              4.45              4.25            3.95
   98.80              4.44              4.24            3.94
   98.60              4.43              4.23            3.93
   98.40              4.42              4.22            3.92
   98.20              4.41              4.21            3.91
   98.00              4.40       A+     4.20            3.90
   97.80              4.38              4.18            3.88
   97.70              4.37              4.17            3.87
   97.60              4.36              4.16            3.86
   97.50              4.35              4.15            3.85
   97.40              4.34              4.14            3.84
   97.30              4.33              4.13            3.83
   97.20              4.32              4.12            3.82
   97.10              4.31              4.11            3.81
   97.00              4.30              4.10            3.80
   96.90              4.29              4.09            3.79
   96.80              4.28              4.08            3.78
   96.70      A+      4.27              4.07    A       3.77
   96.60              4.26              4.06            3.76
   96.50              4.25              4.05            3.75
   96.40              4.24              4.04            3.74
   96.30              4.23              4.03            3.73
   96.20              4.22              4.02            3.72
   96.10              4.21              4.01            3.71
   96.00              4.20              4.00            3.70
   95.90              4.19              3.99            3.69
   95.80              4.18              3.98            3.68
   95.70              4.17              3.97            3.67
   95.60              4.16              3.96            3.66
   95.50              4.15              3.95            3.65
                                 A0
   95.40              4.14              3.94            3.64
   95.30              4.13              3.93            3.63
   95.20              4.12              3.92            3.62
   95.10              4.11              3.91            3.61
   95.00              4.10              3.90            3.60
   94.90              4.09              3.89            3.59
   94.80              4.08              3.88            3.58
   94.70              4.07              3.87            3.57
   94.60              4.06              3.86            3.56
   94.50              4.05              3.85            3.55
   94.40              4.04              3.84            3.54
   94.30              4.03              3.83            3.53


                              - 10 -
               4.5 만점 기준          4.3 만점 기준         4.0 만점 기준
환산점수(100점)
             등급       평균 평점     등급       평균 평점   등급        평균 평점
   94.20               4.02               3.82              3.52
             A+
   94.10               4.01               3.81              3.51
   94.00               4.00               3.80              3.50
   93.90               3.99               3.79              3.49
   93.80               3.98               3.78              3.48
   93.70               3.97               3.77              3.47
                                A0
   93.60               3.96               3.76              3.46
   93.50               3.95               3.75              3.45
   93.40               3.94               3.74              3.44
   93.30               3.93               3.73              3.43
   93.20               3.92               3.72              3.42
   93.10               3.91               3.71              3.41
   93.00               3.90               3.70              3.40
   92.90               3.89               3.69              3.39
   92.80               3.88               3.68              3.38
   92.70               3.87               3.67              3.37
   92.60               3.86               3.66              3.36
   92.50               3.85               3.65              3.35
   92.40               3.84               3.64              3.34
   92.30               3.83               3.63              3.33
   92.20               3.82               3.62              3.32
   92.10               3.81               3.61              3.31
   92.00               3.80               3.60              3.30
   91.90               3.79               3.59              3.29
   91.80               3.78               3.58              3.28
   91.70               3.77               3.57    A         3.27
   91.60     A0        3.76               3.56              3.26
   91.50               3.75               3.55              3.25
   91.40               3.74               3.54              3.24
   91.30               3.73               3.53              3.23
   91.20               3.72               3.52              3.22
   91.10               3.71     A-        3.51              3.21
   91.00               3.70               3.50              3.20
   90.90               3.69               3.49              3.19
   90.80               3.68               3.48              3.18
   90.70               3.67               3.47              3.17
   90.60               3.66               3.46              3.16
   90.50               3.65               3.45              3.15
   90.40               3.64               3.44              3.14
   90.30               3.63               3.43              3.13
   90.20               3.62               3.42              3.12
   90.10               3.61               3.41              3.11
   90.00               3.60               3.40              3.10
   89.90               3.59               3.39              3.09
   89.80               3.58               3.38              3.08
   89.70               3.57               3.37              3.07
   89.60               3.56               3.36              3.06
   89.50               3.55               3.35              3.05
   89.40               3.54               3.34              3.04
   89.30               3.53               3.33              3.03
   89.20              3.52               3.32              3.02


                              - 11 -
              4.5 만점 기준         4.3 만점 기준       4.0 만점 기준
환산점수(100점)
             등급      평균 평점     등급      평균 평점   등급      평균 평점
   89.10             3.51              3.31            3.01
   89.00             3.50              3.30            3.00
   88.90             3.49              3.29            2.99
   88.80             3.48              3.28            2.98
   88.70             3.47              3.27            2.97
   88.60             3.46              3.26            2.96
   88.50             3.45              3.25            2.95
   88.40             3.44              3.24            2.94
   88.30             3.43              3.23            2.93
   88.20             3.42              3.22            2.92
   88.10             3.41              3.21            2.91
   88.00             3.40              3.20            2.90
   87.90             3.39              3.19            2.89
   87.80             3.38              3.18            2.88
   87.70             3.37              3.17            2.87
   87.60             3.36              3.16            2.86
                                B+
   87.50             3.35              3.15            2.85
   87.40             3.34              3.14            2.84
   87.30             3.33              3.13            2.83
   87.20             3.32              3.12            2.82
   87.10             3.31              3.11            2.81
   87.00     B+      3.30              3.10    B       2.80
   86.90             3.29              3.09            2.79
   86.80             3.28              3.08            2.78
   86.70             3.27              3.07            2.77
   86.60             3.26              3.06            2.76
   86.50             3.25              3.05            2.75
   86.40             3.24              3.04            2.74
   86.30             3.23              3.03            2.73
   86.20             3.22              3.02            2.72
   86.10             3.21              3.01            2.71
   86.00             3.20              3.00            2.70
   85.90             3.19              2.99            2.69
   85.80             3.18              2.98            2.68
   85.70             3.17              2.97            2.67
   85.60             3.16              2.96            2.66
   85.50             3.15       B0     2.95            2.65
   85.40             3.14              2.94            2.64
   85.30             3.13              2.93            2.63
   85.20             3.12              2.92            2.62
   85.10             3.11              2.91            2.61
   85.00             3.10              2.90            2.60
   84.00             3.00              2.80            2.50
   83.00             2.90              2.70            2.40
   82.00     B0      2.80              2.60            2.30
                                B-
   81.00             2.70              2.50            2.20
   80.00             2.60              2.40            2.10
※성적표에 백분율(100점 만점) 환산점수가 기재된 경우에는 해당 점수를 우선 적용하고, 백분율
환산점수가 기재되지 않은 경우에는 위 「성적등급 및 평점평균 환산기준표」에 따라 환산하여
적용함.

                             - 12 -
